17
体育馆 1 55 375
西操场 2 228 363
学生活动中心 3 283 647
天佑会堂 4 606 799
思源西楼 5 532 513
思源楼 6 695 484
思源东楼 7 855 436
第二教学楼 8 636 304
第一教学楼 9 813 260
第七教学楼 10 904 528
第九教学楼 11 936 824
红果园餐厅 12 1262 630
逸夫教学楼 13 1371 434
逸夫操场 14 1363 284
图书馆 15 1132 342
明湖餐厅 16 1110 112
16号楼 17 1095 34
22
17 16 1 47
16 15 2 105
16 14 3 162
14 13 4 99
16 13 5 234
13 12 6 150
13 3 7 580
13 12 8 120
12 11 9 189
11 10 10 150
11 4 11 172
10 7 12 50
7 6 13 67
16 9 14 150
9 8 15 67
9 6 16 123
6 5 17 66
4 3 18 180
8 2 19 227
2 1 20 103
6 3 21 122
1 3 22 183
228 363
